140
148
91
258
205
117
8
197
261
66
96
172
215
26
193
99
199
173
137
183
21
19
101
253
185
240
136
144
143
127
237
213
130
109
135
51
260
224
122
11
57
239
36
50
209
169
80
20
192
134
34
73
6
151
221
170
32
64
33
250
191
222
241
115
201
262
156
105
43
4
168
141
248
147
71
198
223
30
229
264
61
40
188
121
219
194
246
25
263
46
203
129
70
29
202
59
162
231
167
128
93
207
24
3
210
227
18
244
226
214
67
142
27
174
124
77
56
265
200
45
186
16
31
85
84
5
75
48
247
88
98
47
13
251
108
236
83
177
28
106
81
255
166
233
158
37
159
52
118
110
55
42
133
49
225
69
171
74
254
184
249
125
190
14
35
12
206
78
181
10
100
132
62
259
178
252
235
256
242
39
38
95
182
65
17
104
139
208
152
90
175
228
107
53
112
41
116
238
196
76
94
180
195
82
216
120
1
230
150
131
54
68
23
153
145
72
243
163
114
232
217
63
60
89
234
211
149
155
161
79
179
22
189
15
245
97
102
87
9
111
187
164
220
58
119
160
126
154
204
113
7
138
218
165
212
257
44
92
157
123
146
86
2
176