138
4
86
126
64
234
45
174
66
56
254
18
173
98
93
256
199
261
116
264
203
111
74
68
225
218
148
206
172
232
108
77
169
176
170
9
27
58
231
107
131
226
88
161
163
182
34
7
104
238
262
235
239
150
191
105
243
142
220
97
201
260
135
115
82
217
96
81
55
240
99
249
63
128
227
119
59
209
125
38
193
87
121
145
109
13
25
62
160
10
78
12
245
251
164
79
90
257
162
57
1
214
229
124
184
158
237
215
223
202
123
83
250
42
137
75
46
84
263
153
155
39
3
181
54
259
30
50
52
51
70
205
92
133
17
65
8
130
22
69
89
60
35
94
221
100
246
61
28
157
175
40
204
95
252
192
11
23
186
140
16
134
159
228
197
180
120
154
265
152
258
213
198
208
114
236
233
29
190
207
2
106
113
165
85
151
178
212
194
47
43
33
211
71
196
248
244
167
139
183
247
117
187
177
76
222
168
230
224
129
166
31
15
127
48
24
189
149
101
19
49
44
255
147
118
242
185
132
53
253
37
67
141
14
21
91
216
156
146
200
72
195
136
210
20
179
241
41
143
219
188
112
32
26
6
73
5
144
122
102
171
80
36